product_category_name
perfumaria
artes
esporte_lazer
bebes
utilidades_domesticas
instrumentos_musicais
cool_stuff
moveis_decoracao
eletrodomesticos
brinquedos
